 GOCE MASS PROPERTIES COMPUTED ON 2013-11-11T06:05:02

       Time             Xs(m)   Ys(m)   Zs(m)  S/C Mass(KG)  N2 MASS  Xe MASS  Ixx(M2.KG)      Iyy      Izz      Ixy      Izx      Iyz
 -------------------   ------  ------  ------  ------------  -------  -------  ----------  -------  -------  -------  -------  -------
 2009-03-17T15:51:35   +2.499  +0.004  +0.001      1050.820   13.100   41.000       173.8   2823.9   2796.6     20.1     -1.8     -1.1
 2009-05-01T00:00:00   +2.499  +0.004  +0.001      1050.723   13.042   40.961       173.8   2823.7   2796.4     20.1     -1.8     -1.1
 2009-05-11T00:00:00   +2.499  +0.004  +0.001      1050.632   13.042   40.870       173.8   2823.6   2796.3     20.1     -1.8     -1.1
 2009-05-18T00:00:00   +2.500  +0.004  +0.001      1050.588   13.042   40.826       173.8   2823.5   2796.2     20.1     -1.8     -1.1
 2009-05-25T00:00:00   +2.500  +0.004  +0.001      1050.588   13.042   40.826       173.8   2823.5   2796.2     20.1     -1.8     -1.1
 2009-06-01T00:00:00   +2.500  +0.004  +0.001      1050.474   13.042   40.712       173.8   2823.4   2796.1     20.1     -1.8     -1.1
 2009-06-08T00:00:00   +2.500  +0.004  +0.001      1050.324   13.042   40.561       173.8   2823.2   2795.9     20.1     -1.8     -1.1
 2009-06-15T00:00:00   +2.500  +0.004  +0.001      1050.173   13.042   40.410       173.8   2823.0   2795.7     20.1     -1.8     -1.1
 2009-06-22T00:00:00   +2.500  +0.004  +0.001      1049.581   12.605   40.256       173.8   2821.9   2794.6     20.1     -1.8     -1.1
 2009-06-29T00:00:00   +2.500  +0.004  +0.001      1049.540   12.605   40.215       173.8   2821.8   2794.5     20.1     -1.8     -1.1
 2009-07-06T00:00:00   +2.500  +0.004  +0.001      1049.540   12.605   40.215       173.8   2821.8   2794.5     20.1     -1.8     -1.1
 2009-07-13T00:00:00   +2.500  +0.004  +0.001      1049.540   12.605   40.215       173.8   2821.8   2794.5     20.1     -1.8     -1.1
 2009-07-20T00:00:00   +2.500  +0.004  +0.001      1049.540   12.605   40.215       173.8   2821.8   2794.5     20.1     -1.8     -1.1
 2009-07-27T00:00:00   +2.500  +0.004  +0.001      1049.540   12.605   40.215       173.8   2821.8   2794.5     20.1     -1.8     -1.1
 2009-08-03T00:00:00   +2.500  +0.004  +0.001      1049.540   12.605   40.215       173.8   2821.8   2794.5     20.1     -1.8     -1.1
 2009-08-10T00:00:00   +2.500  +0.004  +0.001      1049.540   12.605   40.215       173.8   2821.8   2794.5     20.1     -1.8     -1.1
 2009-08-17T00:00:00   +2.500  +0.004  +0.001      1049.540   12.605   40.215       173.8   2821.8   2794.5     20.1     -1.8     -1.1
 2009-08-24T00:00:00   +2.500  +0.004  +0.001      1049.540   12.605   40.215       173.8   2821.8   2794.5     20.1     -1.8     -1.1
 2009-08-31T00:00:00   +2.500  +0.004  +0.001      1049.540   12.605   40.215       173.8   2821.8   2794.5     20.1     -1.8     -1.1
 2009-09-07T00:00:00   +2.500  +0.004  +0.001      1049.540   12.605   40.215       173.8   2821.8   2794.5     20.1     -1.8     -1.1
 2009-09-14T00:00:00   +2.500  +0.004  +0.001      1049.538   12.605   40.213       173.8   2821.8   2794.5     20.1     -1.8     -1.1
 2009-09-21T00:00:00   +2.500  +0.004  +0.001      1049.385   12.605   40.060       173.8   2821.6   2794.3     20.1     -1.8     -1.1
 2009-09-28T00:00:00   +2.500  +0.004  +0.001      1049.232   12.605   39.907       173.8   2821.4   2794.1     20.1     -1.8     -1.1
 2009-10-05T00:00:00   +2.500  +0.004  +0.001      1048.782   12.310   39.752       173.8   2820.6   2793.3     20.1     -1.8     -1.1
 2009-10-12T00:00:00   +2.500  +0.004  +0.001      1048.628   12.310   39.599       173.8   2820.4   2793.1     20.1     -1.8     -1.1
 2009-10-12T00:01:00   +2.499  +0.004  +0.001      1048.286   11.967   39.598       173.8   2819.7   2792.4     20.1     -1.8     -1.1
 2009-10-19T00:00:00   +2.500  +0.004  +0.001      1048.174   11.967   39.487       173.8   2819.5   2792.2     20.1     -1.8     -1.1
 2009-10-26T00:00:00   +2.500  +0.004  +0.001      1048.069   11.967   39.382       173.8   2819.4   2792.1     20.1     -1.8     -1.1
 2009-11-02T00:00:00   +2.500  +0.004  +0.001      1047.908   11.967   39.220       173.8   2819.2   2791.9     20.1     -1.8     -1.1
 2009-11-09T00:00:00   +2.500  +0.004  +0.001      1047.752   11.967   39.065       173.8   2818.9   2791.6     20.1     -1.8     -1.1
 2009-11-16T00:00:00   +2.500  +0.004  +0.001      1047.595   11.967   38.908       173.8   2818.7   2791.4     20.1     -1.8     -1.1
 2009-11-23T00:00:00   +2.500  +0.004  +0.001      1047.437   11.967   38.750       173.8   2818.5   2791.2     20.1     -1.8     -1.1
 2009-11-30T00:00:00   +2.501  +0.004  +0.001      1047.279   11.967   38.592       173.8   2818.3   2791.0     20.1     -1.8     -1.1
 2009-12-07T00:00:00   +2.501  +0.004  +0.001      1047.124   11.967   38.436       173.8   2818.1   2790.8     20.1     -1.8     -1.1
 2009-12-14T00:00:00   +2.501  +0.004  +0.001      1046.969   11.967   38.282       173.8   2817.9   2790.6     20.1     -1.8     -1.1
 2009-12-21T00:00:00   +2.501  +0.004  +0.001      1046.814   11.967   38.127       173.8   2817.7   2790.4     20.1     -1.8     -1.1
 2009-12-28T00:00:00   +2.501  +0.004  +0.001      1046.660   11.967   37.972       173.8   2817.4   2790.1     20.1     -1.8     -1.1
 2010-01-04T00:00:00   +2.501  +0.004  +0.001      1046.507   11.967   37.819       173.8   2817.2   2789.9     20.1     -1.8     -1.1
 2010-01-11T00:00:00   +2.502  +0.004  +0.001      1046.354   11.967   37.666       173.7   2817.0   2789.7     20.1     -1.8     -1.1
 2010-01-18T00:00:00   +2.501  +0.004  +0.001      1045.859   11.627   37.512       173.7   2816.1   2788.8     20.1     -1.8     -1.1
 2010-01-25T00:00:00   +2.502  +0.004  +0.001      1045.704   11.627   37.357       173.7   2815.9   2788.6     20.1     -1.8     -1.1
 2010-02-01T00:00:00   +2.502  +0.004  +0.001      1045.550   11.627   37.203       173.7   2815.7   2788.4     20.1     -1.8     -1.1
 2010-02-08T00:00:00   +2.502  +0.004  +0.001      1045.394   11.627   37.048       173.7   2815.5   2788.2     20.1     -1.8     -1.1
 2010-02-15T00:00:00   +2.502  +0.004  +0.001      1045.279   11.627   36.932       173.7   2815.3   2788.0     20.1     -1.8     -1.1
 2010-02-22T00:00:00   +2.502  +0.004  +0.001      1045.116   11.627   36.769       173.7   2815.1   2787.8     20.1     -1.8     -1.1
 2010-03-01T00:00:00   +2.502  +0.004  +0.001      1044.978   11.627   36.631       173.7   2814.9   2787.6     20.1     -1.8     -1.1
 2010-03-08T00:00:00   +2.502  +0.004  +0.001      1044.492   11.302   36.470       173.7   2814.0   2786.7     20.1     -1.8     -1.1
 2010-03-15T00:00:00   +2.502  +0.004  +0.001      1044.327   11.302   36.305       173.7   2813.8   2786.5     20.1     -1.8     -1.1
 2010-03-22T00:00:00   +2.502  +0.004  +0.001      1044.162   11.302   36.140       173.7   2813.6   2786.3     20.1     -1.8     -1.1
 2010-03-29T00:00:00   +2.503  +0.004  +0.001      1044.000   11.302   35.978       173.7   2813.3   2786.0     20.1     -1.8     -1.1
 2010-04-05T00:00:00   +2.503  +0.004  +0.001      1043.836   11.302   35.814       173.7   2813.1   2785.8     20.1     -1.8     -1.1
 2010-04-12T00:00:00   +2.503  +0.004  +0.001      1043.664   11.302   35.642       173.7   2812.9   2785.6     20.1     -1.8     -1.1
 2010-04-19T00:00:00   +2.503  +0.004  +0.001      1043.500   11.302   35.478       173.7   2812.7   2785.4     20.1     -1.8     -1.1
 2010-04-26T00:00:00   +2.503  +0.004  +0.001      1043.336   11.302   35.314       173.7   2812.4   2785.1     20.1     -1.8     -1.1
 2010-05-03T00:00:00   +2.504  +0.004  +0.001      1043.173   11.302   35.151       173.7   2812.2   2784.9     20.1     -1.8     -1.1
 2010-05-10T00:00:00   +2.503  +0.004  +0.001      1042.615   10.916   34.979       173.7   2811.2   2783.9     20.1     -1.8     -1.1
 2010-05-17T00:00:00   +2.503  +0.004  +0.001      1042.456   10.916   34.820       173.7   2811.0   2783.7     20.1     -1.8     -1.1
 2010-05-24T00:00:00   +2.504  +0.004  +0.001      1042.296   10.916   34.660       173.7   2810.7   2783.4     20.1     -1.8     -1.1
 2010-05-31T00:00:00   +2.504  +0.004  +0.001      1042.135   10.916   34.499       173.7   2810.5   2783.2     20.1     -1.8     -1.1
 2010-06-07T00:00:00   +2.504  +0.004  +0.001      1041.974   10.916   34.338       173.7   2810.3   2783.0     20.1     -1.8     -1.1
 2010-06-14T00:00:00   +2.504  +0.004  +0.001      1041.818   10.916   34.182       173.7   2810.1   2782.8     20.1     -1.8     -1.1
 2010-06-21T00:00:00   +2.504  +0.004  +0.001      1041.662   10.916   34.026       173.7   2809.9   2782.6     20.1     -1.8     -1.1
 2010-06-28T00:00:00   +2.504  +0.004  +0.001      1041.507   10.916   33.871       173.7   2809.6   2782.4     20.1     -1.8     -1.1
 2010-07-05T00:00:00   +2.505  +0.004  +0.001      1041.380   10.916   33.744       173.7   2809.5   2782.2     20.1     -1.8     -1.1
 2010-07-12T00:00:00   +2.505  +0.004  +0.001      1041.295   10.916   33.659       173.7   2809.4   2782.1     20.1     -1.8     -1.1
 2010-09-06T00:00:00   +2.506  +0.004  +0.001      1040.087   10.916   32.451       173.6   2807.7   2780.4     20.1     -1.8     -1.1
 2010-09-13T00:00:00   +2.506  +0.004  +0.001      1040.087   10.916   32.451       173.6   2807.7   2780.4     20.1     -1.8     -1.1
 2010-09-20T00:00:00   +2.506  +0.004  +0.001      1040.087   10.916   32.451       173.6   2807.7   2780.4     20.1     -1.8     -1.1
 2010-09-27T00:00:00   +2.506  +0.004  +0.001      1040.076   10.916   32.440       173.6   2807.7   2780.4     20.1     -1.8     -1.1
 2010-10-04T00:00:00   +2.506  +0.004  +0.001      1039.916   10.916   32.280       173.6   2807.4   2780.1     20.1     -1.8     -1.1
 2010-10-11T00:00:00   +2.506  +0.004  +0.001      1039.410   10.570   32.120       173.6   2806.5   2779.2     20.1     -1.8     -1.1
 2010-10-18T00:00:00   +2.506  +0.004  +0.001      1039.243   10.570   31.953       173.6   2806.3   2779.0     20.1     -1.8     -1.1
 2010-10-25T00:00:00   +2.506  +0.004  +0.001      1039.074   10.570   31.784       173.6   2806.1   2778.8     20.1     -1.8     -1.1
 2010-11-01T00:00:00   +2.507  +0.004  +0.001      1038.911   10.570   31.621       173.6   2805.8   2778.5     20.1     -1.8     -1.1
 2010-11-08T00:00:00   +2.507  +0.004  +0.001      1038.750   10.570   31.460       173.6   2805.6   2778.3     20.1     -1.8     -1.1
 2010-11-15T00:00:00   +2.507  +0.004  +0.001      1038.583   10.570   31.293       173.6   2805.4   2778.1     20.1     -1.8     -1.1
 2010-11-22T00:00:00   +2.507  +0.004  +0.001      1038.417   10.570   31.127       173.6   2805.1   2777.8     20.1     -1.8     -1.1
 2010-11-29T00:00:00   +2.507  +0.004  +0.001      1038.256   10.570   30.966       173.6   2804.9   2777.6     20.1     -1.8     -1.1
 2010-12-06T00:00:00   +2.507  +0.004  +0.001      1038.096   10.570   30.806       173.6   2804.7   2777.4     20.1     -1.8     -1.1
 2010-12-13T00:00:00   +2.507  +0.004  +0.001      1037.575   10.208   30.647       173.6   2803.7   2776.4     20.1     -1.8     -1.1
 2010-12-20T00:00:00   +2.507  +0.004  +0.001      1037.413   10.208   30.486       173.6   2803.5   2776.2     20.1     -1.8     -1.1
 2010-12-27T00:00:00   +2.508  +0.004  +0.001      1037.256   10.208   30.328       173.6   2803.3   2776.0     20.1     -1.8     -1.1
 2011-01-03T00:00:00   +2.508  +0.004  +0.001      1037.098   10.208   30.170       173.6   2803.1   2775.8     20.1     -1.8     -1.1
 2011-01-10T00:00:00   +2.508  +0.004  +0.001      1037.003   10.208   30.076       173.6   2802.9   2775.6     20.1     -1.8     -1.1
 2011-01-17T00:00:00   +2.508  +0.004  +0.001      1036.830   10.208   29.902       173.6   2802.7   2775.4     20.1     -1.8     -1.1
 2011-01-24T00:00:00   +2.508  +0.004  +0.001      1036.675   10.208   29.748       173.6   2802.5   2775.2     20.1     -1.8     -1.1
 2011-01-31T00:00:00   +2.508  +0.004  +0.001      1036.376   10.063   29.593       173.6   2802.0   2774.7     20.1     -1.8     -1.1
 2011-02-07T00:00:00   +2.508  +0.004  +0.001      1036.217   10.063   29.434       173.6   2801.8   2774.5     20.1     -1.8     -1.1
 2011-02-14T00:00:00   +2.509  +0.004  +0.001      1036.054   10.063   29.271       173.6   2801.5   2774.2     20.1     -1.8     -1.1
 2011-02-21T00:00:00   +2.509  +0.004  +0.001      1035.885   10.063   29.101       173.6   2801.3   2774.0     20.1     -1.8     -1.1
 2011-02-28T00:00:00   +2.509  +0.004  +0.001      1035.719   10.063   28.935       173.6   2801.1   2773.8     20.1     -1.8     -1.1
 2011-03-07T00:00:00   +2.509  +0.004  +0.001      1035.547   10.063   28.763       173.6   2800.8   2773.5     20.1     -1.8     -1.1
 2011-03-14T00:00:00   +2.509  +0.004  +0.001      1035.360   10.063   28.576       173.6   2800.6   2773.3     20.1     -1.8     -1.1
 2011-03-21T00:00:00   +2.510  +0.004  +0.001      1035.187   10.063   28.404       173.6   2800.3   2773.0     20.1     -1.8     -1.1
 2011-03-28T00:00:00   +2.510  +0.004  +0.001      1035.010   10.063   28.226       173.6   2800.1   2772.8     20.1     -1.8     -1.1
 2011-04-04T00:00:00   +2.510  +0.004  +0.001      1034.819   10.063   28.036       173.6   2799.8   2772.5     20.2     -1.8     -1.1
 2011-04-11T00:00:00   +2.510  +0.004  +0.001      1034.199    9.642   27.837       173.6   2798.7   2771.4     20.1     -1.8     -1.1
 2011-04-18T00:00:00   +2.510  +0.004  +0.001      1034.010    9.642   27.648       173.5   2798.4   2771.1     20.2     -1.8     -1.1
 2011-04-25T00:00:00   +2.510  +0.004  +0.001      1033.823    9.642   27.461       173.5   2798.2   2770.9     20.2     -1.8     -1.1
 2011-05-02T00:00:00   +2.510  +0.004  +0.001      1033.635    9.642   27.273       173.5   2797.9   2770.6     20.2     -1.8     -1.1
 2011-05-09T00:00:00   +2.510  +0.004  +0.001      1033.446    9.642   27.084       173.5   2797.6   2770.3     20.2     -1.8     -1.1
 2011-05-16T00:00:00   +2.511  +0.004  +0.001      1033.266    9.642   26.904       173.5   2797.4   2770.1     20.2     -1.8     -1.1
 2011-05-23T00:00:00   +2.511  +0.004  +0.001      1033.093    9.642   26.731       173.5   2797.1   2769.8     20.2     -1.8     -1.1
 2011-05-30T00:00:00   +2.511  +0.004  +0.001      1032.922    9.642   26.560       173.5   2796.9   2769.6     20.2     -1.8     -1.1
 2011-06-06T00:00:00   +2.511  +0.004  +0.001      1032.744    9.642   26.382       173.5   2796.6   2769.3     20.2     -1.8     -1.1
 2011-06-13T00:00:00   +2.511  +0.004  +0.001      1032.231    9.304   26.207       173.5   2795.7   2768.4     20.2     -1.8     -1.1
 2011-06-20T00:00:00   +2.511  +0.004  +0.001      1032.065    9.304   26.040       173.5   2795.5   2768.2     20.2     -1.8     -1.1
 2011-06-27T00:00:00   +2.511  +0.004  +0.001      1031.893    9.304   25.869       173.5   2795.3   2768.0     20.2     -1.8     -1.1
 2011-07-04T00:00:00   +2.512  +0.004  +0.001      1031.729    9.304   25.705       173.5   2795.0   2767.7     20.2     -1.8     -1.1
 2011-07-11T00:00:00   +2.512  +0.004  +0.001      1031.562    9.304   25.538       173.5   2794.8   2767.5     20.2     -1.8     -1.1
 2011-07-18T00:00:00   +2.512  +0.004  +0.001      1031.394    9.304   25.370       173.5   2794.6   2767.3     20.2     -1.8     -1.1
 2011-07-25T00:00:00   +2.512  +0.004  +0.001      1031.222    9.304   25.198       173.5   2794.3   2767.0     20.2     -1.8     -1.1
 2011-08-01T00:00:00   +2.512  +0.004  +0.001      1031.055    9.304   25.031       173.5   2794.1   2766.8     20.2     -1.8     -1.1
 2011-08-08T00:00:00   +2.513  +0.004  +0.001      1030.883    9.304   24.859       173.5   2793.8   2766.5     20.2     -1.8     -1.1
 2011-08-15T00:00:00   +2.513  +0.004  +0.001      1030.715    9.304   24.691       173.5   2793.6   2766.3     20.2     -1.8     -1.1
 2011-08-22T00:00:00   +2.513  +0.004  +0.001      1030.548    9.304   24.524       173.5   2793.4   2766.1     20.2     -1.8     -1.1
 2011-08-29T00:00:00   +2.513  +0.004  +0.001      1030.033    8.960   24.353       173.5   2792.4   2765.1     20.2     -1.8     -1.1
 2011-09-05T00:00:00   +2.513  +0.004  +0.001      1029.862    8.960   24.182       173.5   2792.2   2764.9     20.2     -1.8     -1.1
 2011-09-12T00:00:00   +2.513  +0.004  +0.001      1029.683    8.960   24.002       173.5   2792.0   2764.7     20.2     -1.8     -1.1
 2011-09-19T00:00:00   +2.513  +0.004  +0.001      1029.494    8.960   23.814       173.5   2791.7   2764.4     20.2     -1.8     -1.1
 2011-09-26T00:00:00   +2.513  +0.004  +0.001      1029.304    8.960   23.624       173.5   2791.4   2764.1     20.2     -1.8     -1.1
 2011-10-03T00:00:00   +2.514  +0.004  +0.001      1029.105    8.960   23.425       173.5   2791.1   2763.8     20.2     -1.8     -1.1
 2011-10-10T00:00:00   +2.514  +0.004  +0.001      1028.905    8.960   23.225       173.5   2790.9   2763.6     20.2     -1.8     -1.1
 2011-10-17T00:00:00   +2.514  +0.004  +0.001      1028.703    8.960   23.023       173.5   2790.6   2763.3     20.2     -1.8     -1.1
 2011-10-24T00:00:00   +2.514  +0.004  +0.001      1028.493    8.960   22.813       173.5   2790.3   2763.0     20.2     -1.8     -1.1
 2011-10-31T00:00:00   +2.514  +0.004  +0.001      1027.951    8.628   22.603       173.4   2789.3   2762.0     20.2     -1.8     -1.1
 2011-11-07T00:00:00   +2.514  +0.004  +0.001      1027.736    8.628   22.388       173.4   2789.0   2761.7     20.2     -1.8     -1.1
 2011-11-14T00:00:00   +2.515  +0.004  +0.001      1027.531    8.628   22.184       173.4   2788.7   2761.4     20.2     -1.8     -1.1
 2011-11-21T00:00:00   +2.515  +0.004  +0.001      1027.306    8.628   21.958       173.4   2788.4   2761.1     20.2     -1.8     -1.1
 2011-11-28T00:00:00   +2.515  +0.004  +0.001      1027.091    8.628   21.743       173.4   2788.1   2760.8     20.2     -1.8     -1.1
 2011-12-05T00:00:00   +2.515  +0.004  +0.001      1026.876    8.628   21.529       173.4   2787.8   2760.5     20.2     -1.8     -1.1
 2011-12-12T00:00:00   +2.516  +0.004  +0.001      1026.663    8.628   21.315       173.4   2787.5   2760.2     20.2     -1.8     -1.1
 2011-12-19T00:00:00   +2.516  +0.004  +0.001      1026.463    8.628   21.115       173.4   2787.2   2759.9     20.2     -1.8     -1.1
 2011-12-26T00:00:00   +2.516  +0.004  +0.001      1026.266    8.628   20.918       173.4   2786.9   2759.6     20.2     -1.8     -1.1
 2012-01-02T00:00:00   +2.516  +0.004  +0.001      1026.070    8.628   20.723       173.4   2786.7   2759.4     20.2     -1.8     -1.1
 2012-01-09T00:00:00   +2.517  +0.004  +0.001      1025.877    8.628   20.529       173.4   2786.4   2759.1     20.2     -1.8     -1.1
 2012-01-16T00:00:00   +2.517  +0.004  +0.001      1025.693    8.628   20.345       173.4   2786.1   2758.8     20.2     -1.8     -1.1
 2012-01-23T00:00:00   +2.517  +0.004  +0.001      1025.173    8.297   20.156       173.4   2785.2   2757.9     20.2     -1.8     -1.1
 2012-01-30T00:00:00   +2.517  +0.004  +0.001      1024.980    8.297   19.963       173.4   2784.9   2757.6     20.2     -1.8     -1.1
 2012-02-06T00:00:00   +2.517  +0.004  +0.001      1024.797    8.297   19.780       173.4   2784.7   2757.4     20.2     -1.8     -1.1
 2012-02-13T00:00:00   +2.517  +0.004  +0.001      1024.617    8.297   19.601       173.4   2784.4   2757.1     20.2     -1.8     -1.1
 2012-02-20T00:00:00   +2.517  +0.004  +0.001      1024.433    8.297   19.416       173.4   2784.2   2756.9     20.2     -1.8     -1.1
 2012-02-27T00:00:00   +2.518  +0.004  +0.001      1024.250    8.297   19.233       173.4   2783.9   2756.6     20.2     -1.8     -1.1
 2012-03-05T00:00:00   +2.518  +0.004  +0.001      1024.060    8.297   19.043       173.4   2783.6   2756.3     20.2     -1.8     -1.1
 2012-03-12T00:00:00   +2.518  +0.004  +0.001      1023.879    8.297   18.862       173.4   2783.4   2756.1     20.2     -1.8     -1.1
 2012-03-19T12:00:00   +2.518  +0.004  +0.001      1023.316    7.939   18.657       173.4   2782.4   2755.1     20.2     -1.8     -1.1
 2012-03-26T00:00:00   +2.518  +0.004  +0.001      1023.127    7.939   18.468       173.4   2782.1   2754.8     20.2     -1.8     -1.1
 2012-04-02T00:00:00   +2.518  +0.004  +0.001      1022.933    7.939   18.273       173.4   2781.8   2754.5     20.2     -1.8     -1.1
 2012-04-09T00:00:00   +2.519  +0.004  +0.001      1022.734    7.939   18.075       173.4   2781.6   2754.3     20.2     -1.8     -1.1
 2012-04-16T00:00:00   +2.519  +0.004  +0.001      1022.543    7.939   17.884       173.4   2781.3   2754.0     20.2     -1.8     -1.1
 2012-04-23T00:00:00   +2.519  +0.004  +0.001      1022.346    7.939   17.687       173.4   2781.0   2753.7     20.2     -1.8     -1.1
 2012-04-30T00:00:00   +2.519  +0.004  +0.001      1022.141    7.939   17.481       173.4   2780.7   2753.4     20.2     -1.8     -1.1
 2012-05-07T00:00:00   +2.519  +0.004  +0.001      1021.951    7.939   17.292       173.4   2780.4   2753.1     20.2     -1.8     -1.1
 2012-05-14T00:00:00   +2.520  +0.004  +0.001      1021.759    7.939   17.100       173.4   2780.2   2752.9     20.2     -1.8     -1.1
 2012-05-21T00:00:00   +2.520  +0.004  +0.001      1021.565    7.939   16.906       173.4   2779.9   2752.6     20.2     -1.8     -1.1
 2012-05-28T00:00:00   +2.520  +0.004  +0.001      1021.035    7.601   16.714       173.3   2779.0   2751.7     20.2     -1.8     -1.1
 2012-06-04T00:00:00   +2.520  +0.004  +0.001      1020.852    7.601   16.531       173.3   2778.7   2751.4     20.2     -1.8     -1.1
 2012-06-11T00:00:00   +2.520  +0.004  +0.001      1020.692    7.601   16.371       173.3   2778.5   2751.2     20.2     -1.8     -1.1
 2012-06-18T00:00:00   +2.520  +0.004  +0.001      1020.491    7.601   16.170       173.3   2778.2   2750.9     20.2     -1.8     -1.1
 2012-06-25T00:00:00   +2.520  +0.004  +0.001      1019.967    7.255   15.992       173.3   2777.2   2749.9     20.2     -1.8     -1.1
 2012-07-02T00:00:00   +2.520  +0.004  +0.001      1019.792    7.255   15.817       173.3   2777.0   2749.7     20.2     -1.8     -1.1
 2012-07-09T00:00:00   +2.520  +0.004  +0.001      1019.608    7.255   15.632       173.3   2776.7   2749.4     20.2     -1.8     -1.1
 2012-07-16T00:00:00   +2.521  +0.004  +0.001      1019.419    7.255   15.444       173.3   2776.5   2749.2     20.2     -1.8     -1.1
 2012-07-23T00:00:00   +2.521  +0.004  +0.001      1019.236    7.255   15.261       173.3   2776.2   2748.9     20.2     -1.8     -1.1
 2012-07-30T00:00:00   +2.521  +0.004  +0.001      1019.061    7.255   15.086       173.3   2776.0   2748.7     20.2     -1.8     -1.1
 2012-08-06T00:00:00   +2.521  +0.004  +0.001      1018.889    7.255   14.914       173.3   2775.7   2748.4     20.2     -1.8     -1.1
 2012-08-13T00:00:00   +2.521  +0.004  +0.001      1018.725    7.255   14.750       173.3   2775.5   2748.2     20.2     -1.8     -1.1
 2012-08-20T00:00:00   +2.522  +0.004  +0.001      1018.567    7.255   14.591       173.3   2775.2   2747.9     20.2     -1.8     -1.1
 2012-08-27T00:00:00   +2.522  +0.004  +0.001      1018.407    7.255   14.431       173.3   2775.0   2747.7     20.2     -1.8     -1.1
 2012-09-03T00:00:00   +2.522  +0.004  +0.001      1018.232    7.255   14.256       173.3   2774.8   2747.5     20.2     -1.8     -1.1
 2012-09-10T00:00:00   +2.522  +0.004  +0.001      1018.011    7.255   14.035       173.3   2774.4   2747.1     20.2     -1.8     -1.1
 2012-09-17T00:00:00   +2.522  +0.004  +0.001      1017.452    6.892   13.840       173.3   2773.5   2746.2     20.2     -1.8     -1.1
 2012-09-24T00:00:00   +2.522  +0.004  +0.001      1017.248    6.892   13.637       173.3   2773.2   2745.9     20.2     -1.8     -1.1
 2012-10-01T00:00:00   +2.523  +0.004  +0.001      1017.032    6.892   13.421       173.3   2772.9   2745.6     20.2     -1.8     -1.1
 2012-10-08T00:00:00   +2.523  +0.004  +0.001      1016.816    6.892   13.205       173.3   2772.6   2745.3     20.2     -1.8     -1.1
 2012-10-15T00:00:00   +2.523  +0.004  +0.001      1016.597    6.892   12.986       173.3   2772.2   2744.9     20.2     -1.8     -1.1
 2012-10-22T00:00:00   +2.523  +0.004  +0.001      1016.374    6.892   12.762       173.3   2771.9   2744.6     20.2     -1.8     -1.1
 2012-10-29T00:00:00   +2.524  +0.004  +0.001      1016.148    6.892   12.536       173.3   2771.6   2744.3     20.2     -1.8     -1.1
 2012-11-05T00:00:00   +2.524  +0.004  +0.001      1015.948    6.892   12.337       173.3   2771.3   2744.0     20.2     -1.8     -1.1
 2012-11-12T00:00:00   +2.524  +0.004  +0.001      1015.406    6.531   12.155       173.2   2770.3   2743.0     20.2     -1.8     -1.1
 2012-11-19T00:00:00   +2.524  +0.004  +0.001      1015.202    6.531   11.951       173.2   2770.1   2742.8     20.2     -1.8     -1.1
 2012-11-26T00:00:00   +2.524  +0.004  +0.001      1014.993    6.531   11.742       173.2   2769.8   2742.5     20.2     -1.8     -1.1
 2012-12-03T00:00:00   +2.524  +0.004  +0.001      1014.808    6.531   11.556       173.2   2769.5   2742.2     20.2     -1.8     -1.1
 2012-12-10T00:00:00   +2.524  +0.004  +0.001      1014.607    6.531   11.356       173.2   2769.2   2741.9     20.2     -1.8     -1.1
 2012-12-17T00:00:00   +2.525  +0.004  +0.001      1014.395    6.531   11.144       173.2   2768.9   2741.6     20.2     -1.8     -1.1
 2012-12-24T00:00:00   +2.525  +0.004  +0.001      1014.179    6.531   10.928       173.2   2768.6   2741.3     20.2     -1.8     -1.1
 2012-12-31T00:00:00   +2.525  +0.004  +0.001      1013.973    6.531   10.722       173.2   2768.3   2741.0     20.2     -1.8     -1.1
 2013-01-07T00:00:00   +2.525  +0.004  +0.001      1013.763    6.531   10.512       173.2   2768.0   2740.7     20.2     -1.8     -1.1
 2013-01-14T00:00:00   +2.526  +0.004  +0.001      1013.548    6.531   10.296       173.2   2767.7   2740.4     20.2     -1.8     -1.1
 2013-01-21T00:00:00   +2.526  +0.004  +0.001      1013.328    6.531   10.077       173.2   2767.4   2740.1     20.2     -1.8     -1.1
 2013-01-28T00:00:00   +2.526  +0.004  +0.001      1013.123    6.531    9.871       173.2   2767.1   2739.8     20.2     -1.8     -1.1
 2013-02-04T00:00:00   +2.526  +0.004  +0.001      1012.925    6.531    9.674       173.2   2766.8   2739.5     20.2     -1.8     -1.1
 2013-02-11T00:00:00   +2.527  +0.004  +0.001      1012.818    6.531    9.567       173.2   2766.6   2739.3     20.2     -1.8     -1.1
 2013-02-18T00:00:00   +2.526  +0.004  +0.001      1012.282    6.189    9.374       173.2   2765.7   2738.4     20.2     -1.8     -1.1
 2013-02-25T00:00:00   +2.527  +0.004  +0.001      1012.062    6.189    9.153       173.2   2765.4   2738.1     20.2     -1.8     -1.1
 2013-03-04T00:00:00   +2.527  +0.004  +0.001      1011.843    6.189    8.934       173.2   2765.0   2737.7     20.2     -1.8     -1.1
 2013-03-11T00:00:00   +2.527  +0.004  +0.001      1011.614    6.189    8.706       173.2   2764.7   2737.4     20.2     -1.8     -1.1
 2013-03-18T00:00:00   +2.527  +0.004  +0.001      1011.378    6.189    8.469       173.2   2764.4   2737.1     20.2     -1.8     -1.1
 2013-03-25T00:00:00   +2.528  +0.004  +0.001      1011.139    6.189    8.230       173.2   2764.0   2736.7     20.2     -1.8     -1.1
 2013-04-01T00:00:00   +2.528  +0.004  +0.001      1010.908    6.189    7.999       173.2   2763.7   2736.4     20.2     -1.8     -1.1
 2013-04-08T00:00:00   +2.528  +0.004  +0.001      1010.664    6.189    7.755       173.2   2763.3   2736.0     20.2     -1.8     -1.1
 2013-04-15T00:00:00   +2.529  +0.004  +0.001      1010.420    6.189    7.512       173.2   2763.0   2735.7     20.2     -1.8     -1.1
 2013-04-22T00:00:00   +2.529  +0.004  +0.001      1010.180    6.189    7.271       173.2   2762.6   2735.3     20.2     -1.8     -1.1
 2013-04-29T00:00:00   +2.529  +0.004  +0.001      1009.945    6.189    7.037       173.2   2762.3   2735.0     20.2     -1.8     -1.1
 2013-05-06T00:00:00   +2.529  +0.004  +0.001      1009.691    6.189    6.782       173.2   2761.9   2734.6     20.2     -1.8     -1.1
 2013-05-13T00:00:00   +2.529  +0.004  +0.001      1009.132    5.875    6.537       173.2   2761.0   2733.7     20.2     -1.8     -1.1
 2013-05-20T00:00:00   +2.530  +0.004  +0.001      1008.882    5.875    6.287       173.1   2760.6   2733.3     20.2     -1.8     -1.1
 2013-05-27T00:00:00   +2.530  +0.004  +0.001      1008.463    5.875    5.868       173.1   2760.0   2732.7     20.2     -1.8     -1.1
 2013-06-03T00:00:00   +2.530  +0.004  +0.001      1008.231    5.875    5.636       173.1   2759.7   2732.4     20.2     -1.8     -1.1
 2013-06-10T00:00:00   +2.531  +0.004  +0.001      1007.958    5.875    5.363       173.1   2759.3   2732.0     20.2     -1.8     -1.1
 2013-06-17T00:00:00   +2.531  +0.004  +0.001      1007.697    5.875    5.102       173.1   2758.9   2731.6     20.2     -1.8     -1.1
 2013-06-24T00:00:00   +2.531  +0.004  +0.001      1007.424    5.875    4.829       173.1   2758.5   2731.2     20.2     -1.8     -1.1
 2013-07-01T00:00:00   +2.532  +0.004  +0.001      1007.146    5.875    4.551       173.1   2758.1   2730.8     20.2     -1.7     -1.1
 2013-07-08T00:00:00   +2.532  +0.004  +0.001      1006.875    5.875    4.280       173.1   2757.7   2730.4     20.2     -1.7     -1.1
 2013-07-15T00:00:00   +2.532  +0.004  +0.001      1006.599    5.875    4.004       173.1   2757.3   2730.0     20.2     -1.7     -1.1
 2013-07-22T00:00:00   +2.533  +0.004  +0.001      1006.324    5.875    3.729       173.1   2756.9   2729.6     20.2     -1.7     -1.1
 2013-07-29T00:00:00   +2.533  +0.004  +0.001      1006.067    5.875    3.472       173.1   2756.5   2729.2     20.2     -1.7     -1.1
 2013-08-05T00:00:00   +2.533  +0.004  +0.001      1005.498    5.557    3.221       173.1   2755.5   2728.2     20.2     -1.7     -1.1
 2013-08-12T00:00:00   +2.533  +0.004  +0.001      1005.244    5.557    2.966       173.1   2755.2   2727.9     20.2     -1.7     -1.1
 2013-08-19T00:00:00   +2.533  +0.004  +0.001      1004.981    5.557    2.703       173.1   2754.8   2727.5     20.2     -1.7     -1.1
 2013-08-26T00:00:00   +2.534  +0.004  +0.001      1004.707    5.557    2.429       173.1   2754.4   2727.1     20.2     -1.7     -1.1
 2013-09-02T00:00:00   +2.534  +0.004  +0.001      1004.442    5.557    2.164       173.1   2754.0   2726.7     20.2     -1.7     -1.1
 2013-09-09T00:00:00   +2.534  +0.004  +0.001      1004.181    5.557    1.904       173.1   2753.6   2726.3     20.2     -1.7     -1.1
 2013-09-16T00:00:00   +2.535  +0.004  +0.001      1003.927    5.557    1.650       173.1   2753.3   2726.0     20.2     -1.7     -1.1
 2013-09-23T00:00:00   +2.535  +0.004  +0.001      1003.664    5.557    1.386       173.1   2752.9   2725.6     20.2     -1.7     -1.1
 2013-09-30T00:00:00   +2.535  +0.004  +0.001      1003.394    5.557    1.117       173.1   2752.5   2725.2     20.2     -1.7     -1.1
 2013-10-07T00:00:00   +2.535  +0.004  +0.001      1002.762    5.193    0.849       173.1   2751.4   2724.1     20.2     -1.7     -1.1
 2013-10-14T00:00:00   +2.535  +0.004  +0.001      1002.464    5.193    0.551       173.1   2750.9   2723.6     20.2     -1.7     -1.1
 2013-10-21T00:00:00   +2.536  +0.004  +0.001      1002.181    5.193    0.268       173.0   2750.5   2723.2     20.2     -1.7     -1.1
 2013-10-28T00:00:00   +2.536  +0.004  +0.001      1002.152    5.193    0.239       173.0   2750.5   2723.2     20.2     -1.7     -1.1
 2013-11-04T00:00:00   +2.536  +0.004  +0.001      1002.152    5.193    0.239       173.0   2750.5   2723.2     20.2     -1.7     -1.1
 2013-11-11T00:00:00   +2.536  +0.004  +0.001      1002.152    5.193    0.239       173.0   2750.5   2723.2     20.2     -1.7     -1.1
